Time (sec), Heater 1 (%), Heater 2 (%), Temperature 1 (degC), Temperature 2 (degC), Set Point 1 (degC), Set Point 2 (degC)
0.000000000000000000e+00,1.000000000000000000e+02,1.000000000000000000e+02,3.814000000000000057e+01,2.373000000000000043e+01,2.300000000000000000e+01,2.300000000000000000e+01
9.905450344085693359e-01,1.000000000000000000e+02,1.000000000000000000e+02,3.807999999999999829e+01,2.373000000000000043e+01,2.300000000000000000e+01,2.300000000000000000e+01
1.980767011642456055e+00,1.000000000000000000e+02,1.000000000000000000e+02,4.100999999999999801e+01,2.725000000000000000e+01,2.300000000000000000e+01,2.300000000000000000e+01
2.970982551574707031e+00,1.000000000000000000e+02,1.000000000000000000e+02,4.046000000000000085e+01,2.744000000000000128e+01,2.300000000000000000e+01,2.300000000000000000e+01
3.961211919784545898e+00,1.000000000000000000e+02,1.000000000000000000e+02,4.097999999999999687e+01,2.662999999999999901e+01,2.300000000000000000e+01,2.300000000000000000e+01
4.951434850692749023e+00,1.000000000000000000e+02,1.000000000000000000e+02,4.035999999999999943e+01,2.685999999999999943e+01,2.300000000000000000e+01,2.300000000000000000e+01
5.941657066345214844e+00,1.000000000000000000e+02,1.000000000000000000e+02,4.049000000000000199e+01,2.773000000000000043e+01,2.300000000000000000e+01,2.300000000000000000e+01
6.931879758834838867e+00,1.000000000000000000e+02,1.000000000000000000e+02,4.103999999999999915e+01,2.733999999999999986e+01,2.300000000000000000e+01,2.300000000000000000e+01
7.922708272933959961e+00,1.000000000000000000e+02,1.000000000000000000e+02,4.049000000000000199e+01,2.717999999999999972e+01,2.300000000000000000e+01,2.300000000000000000e+01
8.912930965423583984e+00,1.000000000000000000e+02,1.000000000000000000e+02,4.100999999999999801e+01,2.728000000000000114e+01,2.300000000000000000e+01,2.300000000000000000e+01
9.903153181076049805e+00,1.000000000000000000e+02,1.000000000000000000e+02,4.056000000000000227e+01,2.812000000000000099e+01,2.300000000000000000e+01,2.300000000000000000e+01
1.089337611198425293e+01,1.000000000000000000e+02,1.000000000000000000e+02,4.103999999999999915e+01,2.746999999999999886e+01,2.300000000000000000e+01,2.300000000000000000e+01
1.188359832763671875e+01,1.000000000000000000e+02,1.000000000000000000e+02,4.110000000000000142e+01,2.814999999999999858e+01,2.300000000000000000e+01,2.300000000000000000e+01
1.287430810928344727e+01,1.000000000000000000e+02,1.000000000000000000e+02,4.093999999999999773e+01,2.725000000000000000e+01,2.300000000000000000e+01,2.300000000000000000e+01
1.386453270912170410e+01,1.000000000000000000e+02,1.000000000000000000e+02,4.090999999999999659e+01,2.760000000000000142e+01,2.300000000000000000e+01,2.300000000000000000e+01
1.485475301742553711e+01,1.000000000000000000e+02,1.000000000000000000e+02,4.142999999999999972e+01,2.830999999999999872e+01,2.300000000000000000e+01,2.300000000000000000e+01
1.584597563743591309e+01,1.000000000000000000e+02,1.000000000000000000e+02,4.071999999999999886e+01,2.796000000000000085e+01,2.300000000000000000e+01,2.300000000000000000e+01
1.683619785308837891e+01,1.000000000000000000e+02,1.000000000000000000e+02,4.078000000000000114e+01,2.807999999999999829e+01,2.300000000000000000e+01,2.300000000000000000e+01
1.782642054557800293e+01,1.000000000000000000e+02,1.000000000000000000e+02,4.097999999999999687e+01,2.833999999999999986e+01,2.300000000000000000e+01,2.300000000000000000e+01
1.881664299964904785e+01,1.000000000000000000e+02,1.000000000000000000e+02,4.161999999999999744e+01,2.789000000000000057e+01,2.300000000000000000e+01,2.300000000000000000e+01
1.980686521530151367e+01,1.000000000000000000e+02,1.000000000000000000e+02,4.120000000000000284e+01,2.898999999999999844e+01,2.300000000000000000e+01,2.300000000000000000e+01
2.079708814620971680e+01,1.000000000000000000e+02,1.000000000000000000e+02,4.171999999999999886e+01,2.828000000000000114e+01,2.300000000000000000e+01,2.300000000000000000e+01
2.178750467300415039e+01,1.000000000000000000e+02,1.000000000000000000e+02,4.135999999999999943e+01,2.878999999999999915e+01,2.300000000000000000e+01,2.300000000000000000e+01
2.277772736549377441e+01,1.000000000000000000e+02,1.000000000000000000e+02,4.161999999999999744e+01,2.860000000000000142e+01,2.300000000000000000e+01,2.300000000000000000e+01
2.376794934272766113e+01,1.000000000000000000e+02,1.000000000000000000e+02,4.139000000000000057e+01,2.853999999999999915e+01,2.300000000000000000e+01,2.300000000000000000e+01
2.475817251205444336e+01,1.000000000000000000e+02,1.000000000000000000e+02,4.222999999999999687e+01,2.873000000000000043e+01,2.300000000000000000e+01,2.300000000000000000e+01
2.574839448928833008e+01,1.000000000000000000e+02,1.000000000000000000e+02,4.200999999999999801e+01,2.850000000000000000e+01,2.300000000000000000e+01,2.300000000000000000e+01
2.673861718177795410e+01,1.000000000000000000e+02,1.000000000000000000e+02,4.222999999999999687e+01,2.896000000000000085e+01,2.300000000000000000e+01,2.300000000000000000e+01
2.772883939743041992e+01,1.000000000000000000e+02,1.000000000000000000e+02,4.339000000000000057e+01,2.912000000000000099e+01,2.300000000000000000e+01,2.300000000000000000e+01
2.871906208992004395e+01,1.000000000000000000e+02,1.000000000000000000e+02,4.254999999999999716e+01,3.028000000000000114e+01,2.300000000000000000e+01,2.300000000000000000e+01
2.970928406715393066e+01,1.000000000000000000e+02,1.000000000000000000e+02,4.288000000000000256e+01,2.937000000000000099e+01,2.300000000000000000e+01,2.300000000000000000e+01
3.069950699806213379e+01,1.000000000000000000e+02,1.000000000000000000e+02,4.320000000000000284e+01,2.973000000000000043e+01,2.300000000000000000e+01,2.300000000000000000e+01
3.168972921371459961e+01,1.000000000000000000e+02,1.000000000000000000e+02,4.352000000000000313e+01,2.978999999999999915e+01,2.300000000000000000e+01,2.300000000000000000e+01
3.267995190620422363e+01,1.000000000000000000e+02,1.000000000000000000e+02,4.354999999999999716e+01,3.028000000000000114e+01,2.300000000000000000e+01,2.300000000000000000e+01
3.367017436027526855e+01,1.000000000000000000e+02,1.000000000000000000e+02,4.325999999999999801e+01,3.053000000000000114e+01,2.300000000000000000e+01,2.300000000000000000e+01
3.466039681434631348e+01,1.000000000000000000e+02,1.000000000000000000e+02,4.449000000000000199e+01,3.044000000000000128e+01,2.300000000000000000e+01,2.300000000000000000e+01
3.565061950683593750e+01,1.000000000000000000e+02,1.000000000000000000e+02,4.354999999999999716e+01,3.094999999999999929e+01,2.300000000000000000e+01,2.300000000000000000e+01
3.664072537422180176e+01,1.000000000000000000e+02,1.000000000000000000e+02,4.454999999999999716e+01,3.073000000000000043e+01,2.300000000000000000e+01,2.300000000000000000e+01
3.763094758987426758e+01,1.000000000000000000e+02,1.000000000000000000e+02,4.422999999999999687e+01,3.098999999999999844e+01,2.300000000000000000e+01,2.300000000000000000e+01
3.862117004394531250e+01,1.000000000000000000e+02,1.000000000000000000e+02,4.461999999999999744e+01,3.066000000000000014e+01,2.300000000000000000e+01,2.300000000000000000e+01
3.961139249801635742e+01,1.000000000000000000e+02,1.000000000000000000e+02,4.535999999999999943e+01,3.123999999999999844e+01,2.300000000000000000e+01,2.300000000000000000e+01
4.060160613059997559e+01,1.000000000000000000e+02,1.000000000000000000e+02,4.507000000000000028e+01,3.128000000000000114e+01,2.300000000000000000e+01,2.300000000000000000e+01
4.159183740615844727e+01,1.000000000000000000e+02,1.000000000000000000e+02,4.488000000000000256e+01,3.133999999999999986e+01,2.300000000000000000e+01,2.300000000000000000e+01
4.258208203315734863e+01,1.000000000000000000e+02,1.000000000000000000e+02,4.452000000000000313e+01,3.066000000000000014e+01,2.300000000000000000e+01,2.300000000000000000e+01
4.357230424880981445e+01,1.000000000000000000e+02,1.000000000000000000e+02,4.454999999999999716e+01,3.089000000000000057e+01,2.300000000000000000e+01,2.300000000000000000e+01
4.456251788139343262e+01,1.000000000000000000e+02,1.000000000000000000e+02,4.539000000000000057e+01,3.073000000000000043e+01,2.300000000000000000e+01,2.300000000000000000e+01
4.555274105072021484e+01,1.000000000000000000e+02,1.000000000000000000e+02,4.557999999999999829e+01,3.202000000000000313e+01,2.300000000000000000e+01,2.300000000000000000e+01
4.654296302795410156e+01,1.000000000000000000e+02,1.000000000000000000e+02,4.625999999999999801e+01,3.130999999999999872e+01,2.300000000000000000e+01,2.300000000000000000e+01
4.753319406509399414e+01,1.000000000000000000e+02,1.000000000000000000e+02,4.600000000000000000e+01,3.260000000000000142e+01,2.300000000000000000e+01,2.300000000000000000e+01
4.852340936660766602e+01,1.000000000000000000e+02,1.000000000000000000e+02,4.654999999999999716e+01,3.173000000000000043e+01,2.300000000000000000e+01,2.300000000000000000e+01
4.951363015174865723e+01,1.000000000000000000e+02,1.000000000000000000e+02,4.661999999999999744e+01,3.214999999999999858e+01,2.300000000000000000e+01,2.300000000000000000e+01
5.050386190414428711e+01,1.000000000000000000e+02,1.000000000000000000e+02,4.645000000000000284e+01,3.282000000000000028e+01,2.300000000000000000e+01,2.300000000000000000e+01
5.149408411979675293e+01,1.000000000000000000e+02,1.000000000000000000e+02,4.745000000000000284e+01,3.310999999999999943e+01,2.300000000000000000e+01,2.300000000000000000e+01
5.248429822921752930e+01,1.000000000000000000e+02,1.000000000000000000e+02,4.728999999999999915e+01,3.331000000000000227e+01,2.300000000000000000e+01,2.300000000000000000e+01
5.347452044486999512e+01,1.000000000000000000e+02,1.000000000000000000e+02,4.760999999999999943e+01,3.278999999999999915e+01,2.300000000000000000e+01,2.300000000000000000e+01
5.446474337577819824e+01,1.000000000000000000e+02,1.000000000000000000e+02,4.784000000000000341e+01,3.327000000000000313e+01,2.300000000000000000e+01,2.300000000000000000e+01
5.545497393608093262e+01,1.000000000000000000e+02,1.000000000000000000e+02,4.754999999999999716e+01,3.331000000000000227e+01,2.300000000000000000e+01,2.300000000000000000e+01
5.644519639015197754e+01,1.000000000000000000e+02,1.000000000000000000e+02,4.813000000000000256e+01,3.360000000000000142e+01,2.300000000000000000e+01,2.300000000000000000e+01
5.743541884422302246e+01,1.000000000000000000e+02,1.000000000000000000e+02,4.767999999999999972e+01,3.365999999999999659e+01,2.300000000000000000e+01,2.300000000000000000e+01
5.842617368698120117e+01,1.000000000000000000e+02,1.000000000000000000e+02,4.813000000000000256e+01,3.314000000000000057e+01,2.300000000000000000e+01,2.300000000000000000e+01
5.941639661788940430e+01,1.000000000000000000e+02,1.000000000000000000e+02,4.900000000000000000e+01,3.365999999999999659e+01,2.300000000000000000e+01,2.300000000000000000e+01
6.040661835670471191e+01,1.000000000000000000e+02,1.000000000000000000e+02,4.896999999999999886e+01,3.427000000000000313e+01,2.300000000000000000e+01,2.300000000000000000e+01
6.139684128761291504e+01,1.000000000000000000e+02,1.000000000000000000e+02,4.871000000000000085e+01,3.510999999999999943e+01,2.300000000000000000e+01,2.300000000000000000e+01
6.238706398010253906e+01,1.000000000000000000e+02,1.000000000000000000e+02,4.957999999999999829e+01,3.407999999999999829e+01,2.300000000000000000e+01,2.300000000000000000e+01
6.337728595733642578e+01,1.000000000000000000e+02,1.000000000000000000e+02,4.915999999999999659e+01,3.504999999999999716e+01,2.300000000000000000e+01,2.300000000000000000e+01
6.436750817298889160e+01,1.000000000000000000e+02,1.000000000000000000e+02,4.910000000000000142e+01,3.421000000000000085e+01,2.300000000000000000e+01,2.300000000000000000e+01
6.535773086547851562e+01,1.000000000000000000e+02,1.000000000000000000e+02,4.896999999999999886e+01,3.492000000000000171e+01,2.300000000000000000e+01,2.300000000000000000e+01
6.634795355796813965e+01,1.000000000000000000e+02,1.000000000000000000e+02,4.952000000000000313e+01,3.459000000000000341e+01,2.300000000000000000e+01,2.300000000000000000e+01
6.733817553520202637e+01,1.000000000000000000e+02,1.000000000000000000e+02,4.960999999999999943e+01,3.475999999999999801e+01,2.300000000000000000e+01,2.300000000000000000e+01
6.832893347740173340e+01,1.000000000000000000e+02,1.000000000000000000e+02,4.971000000000000085e+01,3.527000000000000313e+01,2.300000000000000000e+01,2.300000000000000000e+01
6.931915569305419922e+01,1.000000000000000000e+02,1.000000000000000000e+02,5.028999999999999915e+01,3.536999999999999744e+01,2.300000000000000000e+01,2.300000000000000000e+01
7.030937838554382324e+01,1.000000000000000000e+02,1.000000000000000000e+02,5.003000000000000114e+01,3.542999999999999972e+01,2.300000000000000000e+01,2.300000000000000000e+01
7.129969453811645508e+01,1.000000000000000000e+02,1.000000000000000000e+02,5.054999999999999716e+01,3.500999999999999801e+01,2.300000000000000000e+01,2.300000000000000000e+01
7.228991723060607910e+01,1.000000000000000000e+02,1.000000000000000000e+02,5.092999999999999972e+01,3.588000000000000256e+01,2.300000000000000000e+01,2.300000000000000000e+01
7.328013992309570312e+01,1.000000000000000000e+02,1.000000000000000000e+02,5.113000000000000256e+01,3.627000000000000313e+01,2.300000000000000000e+01,2.300000000000000000e+01
7.427036213874816895e+01,1.000000000000000000e+02,1.000000000000000000e+02,5.086999999999999744e+01,3.632999999999999829e+01,2.300000000000000000e+01,2.300000000000000000e+01
7.526058459281921387e+01,1.000000000000000000e+02,1.000000000000000000e+02,5.100000000000000000e+01,3.534000000000000341e+01,2.300000000000000000e+01,2.300000000000000000e+01
7.625080752372741699e+01,1.000000000000000000e+02,1.000000000000000000e+02,5.132000000000000028e+01,3.521000000000000085e+01,2.300000000000000000e+01,2.300000000000000000e+01
7.724102950096130371e+01,1.000000000000000000e+02,1.000000000000000000e+02,5.106000000000000227e+01,3.529999999999999716e+01,2.300000000000000000e+01,2.300000000000000000e+01
7.823124289512634277e+01,1.000000000000000000e+02,1.000000000000000000e+02,5.132000000000000028e+01,3.578999999999999915e+01,2.300000000000000000e+01,2.300000000000000000e+01
7.922147440910339355e+01,1.000000000000000000e+02,1.000000000000000000e+02,5.174000000000000199e+01,3.703999999999999915e+01,2.300000000000000000e+01,2.300000000000000000e+01
8.021169686317443848e+01,1.000000000000000000e+02,1.000000000000000000e+02,5.218999999999999773e+01,3.668999999999999773e+01,2.300000000000000000e+01,2.300000000000000000e+01
8.120291948318481445e+01,1.000000000000000000e+02,1.000000000000000000e+02,5.196000000000000085e+01,3.692000000000000171e+01,2.300000000000000000e+01,2.300000000000000000e+01
8.219314241409301758e+01,1.000000000000000000e+02,1.000000000000000000e+02,5.238000000000000256e+01,3.636999999999999744e+01,2.300000000000000000e+01,2.300000000000000000e+01
8.318336439132690430e+01,1.000000000000000000e+02,1.000000000000000000e+02,5.271000000000000085e+01,3.714000000000000057e+01,2.300000000000000000e+01,2.300000000000000000e+01
8.417358732223510742e+01,1.000000000000000000e+02,1.000000000000000000e+02,5.274000000000000199e+01,3.688000000000000256e+01,2.300000000000000000e+01,2.300000000000000000e+01
8.516380929946899414e+01,1.000000000000000000e+02,1.000000000000000000e+02,5.306000000000000227e+01,3.836999999999999744e+01,2.300000000000000000e+01,2.300000000000000000e+01
8.615404343605041504e+01,1.000000000000000000e+02,1.000000000000000000e+02,5.379999999999999716e+01,3.721000000000000085e+01,2.300000000000000000e+01,2.300000000000000000e+01
8.714426565170288086e+01,1.000000000000000000e+02,1.000000000000000000e+02,5.289999999999999858e+01,3.820000000000000284e+01,2.300000000000000000e+01,2.300000000000000000e+01
8.813448834419250488e+01,1.000000000000000000e+02,1.000000000000000000e+02,5.325000000000000000e+01,3.790999999999999659e+01,2.300000000000000000e+01,2.300000000000000000e+01
8.912471032142639160e+01,1.000000000000000000e+02,1.000000000000000000e+02,5.377000000000000313e+01,3.820000000000000284e+01,2.300000000000000000e+01,2.300000000000000000e+01
9.011493325233459473e+01,1.000000000000000000e+02,1.000000000000000000e+02,5.371000000000000085e+01,3.775000000000000000e+01,2.300000000000000000e+01,2.300000000000000000e+01
9.110515570640563965e+01,1.000000000000000000e+02,1.000000000000000000e+02,5.418999999999999773e+01,3.875000000000000000e+01,2.300000000000000000e+01,2.300000000000000000e+01
9.209537816047668457e+01,1.000000000000000000e+02,1.000000000000000000e+02,5.438000000000000256e+01,3.827000000000000313e+01,2.300000000000000000e+01,2.300000000000000000e+01
9.308560061454772949e+01,1.000000000000000000e+02,1.000000000000000000e+02,5.477000000000000313e+01,3.871999999999999886e+01,2.300000000000000000e+01,2.300000000000000000e+01
9.407610225677490234e+01,1.000000000000000000e+02,1.000000000000000000e+02,5.418999999999999773e+01,3.846000000000000085e+01,2.300000000000000000e+01,2.300000000000000000e+01
9.506632447242736816e+01,1.000000000000000000e+02,1.000000000000000000e+02,5.460999999999999943e+01,3.871999999999999886e+01,2.300000000000000000e+01,2.300000000000000000e+01
9.605673480033874512e+01,1.000000000000000000e+02,1.000000000000000000e+02,5.509000000000000341e+01,3.895000000000000284e+01,2.300000000000000000e+01,2.300000000000000000e+01
9.704695987701416016e+01,1.000000000000000000e+02,1.000000000000000000e+02,5.477000000000000313e+01,3.988000000000000256e+01,2.300000000000000000e+01,2.300000000000000000e+01
9.803718233108520508e+01,1.000000000000000000e+02,1.000000000000000000e+02,5.503000000000000114e+01,3.910999999999999943e+01,2.300000000000000000e+01,2.300000000000000000e+01
9.902740406990051270e+01,1.000000000000000000e+02,1.000000000000000000e+02,5.545000000000000284e+01,3.927000000000000313e+01,2.300000000000000000e+01,2.300000000000000000e+01
1.000176274776458740e+02,1.000000000000000000e+02,1.000000000000000000e+02,5.553999999999999915e+01,3.946000000000000085e+01,2.300000000000000000e+01,2.300000000000000000e+01
1.010078492164611816e+02,1.000000000000000000e+02,1.000000000000000000e+02,5.525000000000000000e+01,4.022999999999999687e+01,2.300000000000000000e+01,2.300000000000000000e+01
1.019980721473693848e+02,1.000000000000000000e+02,1.000000000000000000e+02,5.596000000000000085e+01,3.861999999999999744e+01,2.300000000000000000e+01,2.300000000000000000e+01
1.029882938861846924e+02,1.000000000000000000e+02,1.000000000000000000e+02,5.585999999999999943e+01,4.014000000000000057e+01,2.300000000000000000e+01,2.300000000000000000e+01
1.039785170555114746e+02,1.000000000000000000e+02,1.000000000000000000e+02,5.603000000000000114e+01,3.982000000000000028e+01,2.300000000000000000e+01,2.300000000000000000e+01
1.049687390327453613e+02,1.000000000000000000e+02,1.000000000000000000e+02,5.567000000000000171e+01,3.988000000000000256e+01,2.300000000000000000e+01,2.300000000000000000e+01
1.059589622020721436e+02,1.000000000000000000e+02,1.000000000000000000e+02,5.585999999999999943e+01,3.953000000000000114e+01,2.300000000000000000e+01,2.300000000000000000e+01
1.069491839408874512e+02,1.000000000000000000e+02,1.000000000000000000e+02,5.650999999999999801e+01,4.000999999999999801e+01,2.300000000000000000e+01,2.300000000000000000e+01
1.079394071102142334e+02,1.000000000000000000e+02,1.000000000000000000e+02,5.640999999999999659e+01,4.017000000000000171e+01,2.300000000000000000e+01,2.300000000000000000e+01
1.089296286106109619e+02,1.000000000000000000e+02,1.000000000000000000e+02,5.679999999999999716e+01,4.027000000000000313e+01,2.300000000000000000e+01,2.300000000000000000e+01
1.099198522567749023e+02,1.000000000000000000e+02,1.000000000000000000e+02,5.640999999999999659e+01,4.100999999999999801e+01,2.300000000000000000e+01,2.300000000000000000e+01
1.109100739955902100e+02,1.000000000000000000e+02,1.000000000000000000e+02,5.706000000000000227e+01,4.103999999999999915e+01,2.300000000000000000e+01,2.300000000000000000e+01
1.119002962112426758e+02,1.000000000000000000e+02,1.000000000000000000e+02,5.702000000000000313e+01,4.059000000000000341e+01,2.300000000000000000e+01,2.300000000000000000e+01
1.128905193805694580e+02,1.000000000000000000e+02,1.000000000000000000e+02,5.711999999999999744e+01,4.146000000000000085e+01,2.300000000000000000e+01,2.300000000000000000e+01
1.138807413578033447e+02,1.000000000000000000e+02,1.000000000000000000e+02,5.779999999999999716e+01,4.088000000000000256e+01,2.300000000000000000e+01,2.300000000000000000e+01
1.148709635734558105e+02,1.000000000000000000e+02,1.000000000000000000e+02,5.772999999999999687e+01,4.156000000000000227e+01,2.300000000000000000e+01,2.300000000000000000e+01
1.158611862659454346e+02,1.000000000000000000e+02,1.000000000000000000e+02,5.779999999999999716e+01,4.149000000000000199e+01,2.300000000000000000e+01,2.300000000000000000e+01
1.168514087200164795e+02,1.000000000000000000e+02,1.000000000000000000e+02,5.772999999999999687e+01,4.097999999999999687e+01,2.300000000000000000e+01,2.300000000000000000e+01
1.178416314125061035e+02,1.000000000000000000e+02,1.000000000000000000e+02,5.817999999999999972e+01,4.242999999999999972e+01,2.300000000000000000e+01,2.300000000000000000e+01
1.188318538665771484e+02,1.000000000000000000e+02,1.000000000000000000e+02,5.825000000000000000e+01,4.152000000000000313e+01,2.300000000000000000e+01,2.300000000000000000e+01
1.198225114345550537e+02,1.000000000000000000e+02,1.000000000000000000e+02,5.821999999999999886e+01,4.103999999999999915e+01,2.300000000000000000e+01,2.300000000000000000e+01
1.208127334117889404e+02,1.000000000000000000e+02,1.000000000000000000e+02,5.882999999999999829e+01,4.185000000000000142e+01,2.300000000000000000e+01,2.300000000000000000e+01
1.218029556274414062e+02,1.000000000000000000e+02,1.000000000000000000e+02,5.802000000000000313e+01,4.167999999999999972e+01,2.300000000000000000e+01,2.300000000000000000e+01
1.227930724620819092e+02,1.000000000000000000e+02,1.000000000000000000e+02,5.870000000000000284e+01,4.242999999999999972e+01,2.300000000000000000e+01,2.300000000000000000e+01
1.237832949161529541e+02,1.000000000000000000e+02,1.000000000000000000e+02,5.875999999999999801e+01,4.210000000000000142e+01,2.300000000000000000e+01,2.300000000000000000e+01
1.247735173702239990e+02,1.000000000000000000e+02,1.000000000000000000e+02,5.892999999999999972e+01,4.181000000000000227e+01,2.300000000000000000e+01,2.300000000000000000e+01
1.257637398242950439e+02,1.000000000000000000e+02,1.000000000000000000e+02,5.879999999999999716e+01,4.239000000000000057e+01,2.300000000000000000e+01,2.300000000000000000e+01
1.267539639472961426e+02,1.000000000000000000e+02,1.000000000000000000e+02,5.953999999999999915e+01,4.313000000000000256e+01,2.300000000000000000e+01,2.300000000000000000e+01
1.277441864013671875e+02,1.000000000000000000e+02,1.000000000000000000e+02,5.934000000000000341e+01,4.267999999999999972e+01,2.300000000000000000e+01,2.300000000000000000e+01
1.287344088554382324e+02,1.000000000000000000e+02,1.000000000000000000e+02,5.928000000000000114e+01,4.325999999999999801e+01,2.300000000000000000e+01,2.300000000000000000e+01
1.297246308326721191e+02,1.000000000000000000e+02,1.000000000000000000e+02,6.034000000000000341e+01,4.307000000000000028e+01,2.300000000000000000e+01,2.300000000000000000e+01
1.307148540019989014e+02,1.000000000000000000e+02,1.000000000000000000e+02,5.972999999999999687e+01,4.352000000000000313e+01,2.300000000000000000e+01,2.300000000000000000e+01
1.317050902843475342e+02,1.000000000000000000e+02,1.000000000000000000e+02,5.996000000000000085e+01,4.271999999999999886e+01,2.300000000000000000e+01,2.300000000000000000e+01
1.326953129768371582e+02,1.000000000000000000e+02,1.000000000000000000e+02,5.970000000000000284e+01,4.313000000000000256e+01,2.300000000000000000e+01,2.300000000000000000e+01
1.336855442523956299e+02,1.000000000000000000e+02,1.000000000000000000e+02,6.028000000000000114e+01,4.425999999999999801e+01,2.300000000000000000e+01,2.300000000000000000e+01
1.346757578849792480e+02,1.000000000000000000e+02,1.000000000000000000e+02,6.031000000000000227e+01,4.300999999999999801e+01,2.300000000000000000e+01,2.300000000000000000e+01
1.356659803390502930e+02,1.000000000000000000e+02,1.000000000000000000e+02,6.014999999999999858e+01,4.361999999999999744e+01,2.300000000000000000e+01,2.300000000000000000e+01
1.366562025547027588e+02,1.000000000000000000e+02,1.000000000000000000e+02,6.067000000000000171e+01,4.335999999999999943e+01,2.300000000000000000e+01,2.300000000000000000e+01
1.376464343070983887e+02,1.000000000000000000e+02,1.000000000000000000e+02,6.031000000000000227e+01,4.290999999999999659e+01,2.300000000000000000e+01,2.300000000000000000e+01
1.386366479396820068e+02,1.000000000000000000e+02,1.000000000000000000e+02,6.021000000000000085e+01,4.325999999999999801e+01,2.300000000000000000e+01,2.300000000000000000e+01
1.396268706321716309e+02,1.000000000000000000e+02,1.000000000000000000e+02,6.002000000000000313e+01,4.346000000000000085e+01,2.300000000000000000e+01,2.300000000000000000e+01
1.406171016693115234e+02,1.000000000000000000e+02,1.000000000000000000e+02,6.040999999999999659e+01,4.339000000000000057e+01,2.300000000000000000e+01,2.300000000000000000e+01
1.416073241233825684e+02,1.000000000000000000e+02,1.000000000000000000e+02,6.150000000000000000e+01,4.420000000000000284e+01,2.300000000000000000e+01,2.300000000000000000e+01
1.425975468158721924e+02,1.000000000000000000e+02,1.000000000000000000e+02,6.096000000000000085e+01,4.446000000000000085e+01,2.300000000000000000e+01,2.300000000000000000e+01
1.435877692699432373e+02,1.000000000000000000e+02,1.000000000000000000e+02,6.131000000000000227e+01,4.417000000000000171e+01,2.300000000000000000e+01,2.300000000000000000e+01
1.445779829025268555e+02,1.000000000000000000e+02,1.000000000000000000e+02,6.153999999999999915e+01,4.449000000000000199e+01,2.300000000000000000e+01,2.300000000000000000e+01
1.455682053565979004e+02,1.000000000000000000e+02,1.000000000000000000e+02,6.178999999999999915e+01,4.510000000000000142e+01,2.300000000000000000e+01,2.300000000000000000e+01
1.465584297180175781e+02,1.000000000000000000e+02,1.000000000000000000e+02,6.128000000000000114e+01,4.422999999999999687e+01,2.300000000000000000e+01,2.300000000000000000e+01
1.475486609935760498e+02,1.000000000000000000e+02,1.000000000000000000e+02,6.138000000000000256e+01,4.564999999999999858e+01,2.300000000000000000e+01,2.300000000000000000e+01
1.485388746261596680e+02,1.000000000000000000e+02,1.000000000000000000e+02,6.243999999999999773e+01,4.464999999999999858e+01,2.300000000000000000e+01,2.300000000000000000e+01
1.495291004180908203e+02,1.000000000000000000e+02,1.000000000000000000e+02,6.170000000000000284e+01,4.467999999999999972e+01,2.300000000000000000e+01,2.300000000000000000e+01
1.505193226337432861e+02,1.000000000000000000e+02,1.000000000000000000e+02,6.196000000000000085e+01,4.475000000000000000e+01,2.300000000000000000e+01,2.300000000000000000e+01
1.515095453262329102e+02,1.000000000000000000e+02,1.000000000000000000e+02,6.182999999999999829e+01,4.471000000000000085e+01,2.300000000000000000e+01,2.300000000000000000e+01
1.524997677803039551e+02,1.000000000000000000e+02,1.000000000000000000e+02,6.163000000000000256e+01,4.513000000000000256e+01,2.300000000000000000e+01,2.300000000000000000e+01
1.534899904727935791e+02,1.000000000000000000e+02,1.000000000000000000e+02,6.182999999999999829e+01,4.496999999999999886e+01,2.300000000000000000e+01,2.300000000000000000e+01
1.544802126884460449e+02,1.000000000000000000e+02,1.000000000000000000e+02,6.172999999999999687e+01,4.454999999999999716e+01,2.300000000000000000e+01,2.300000000000000000e+01
1.554704351425170898e+02,1.000000000000000000e+02,1.000000000000000000e+02,6.270000000000000284e+01,4.488000000000000256e+01,2.300000000000000000e+01,2.300000000000000000e+01
1.564606666564941406e+02,1.000000000000000000e+02,1.000000000000000000e+02,6.246999999999999886e+01,4.554999999999999716e+01,2.300000000000000000e+01,2.300000000000000000e+01
1.574508802890777588e+02,1.000000000000000000e+02,1.000000000000000000e+02,6.182999999999999829e+01,4.481000000000000227e+01,2.300000000000000000e+01,2.300000000000000000e+01
1.584411027431488037e+02,1.000000000000000000e+02,1.000000000000000000e+02,6.243999999999999773e+01,4.503999999999999915e+01,2.300000000000000000e+01,2.300000000000000000e+01
1.594313342571258545e+02,1.000000000000000000e+02,1.000000000000000000e+02,6.243999999999999773e+01,4.554999999999999716e+01,2.300000000000000000e+01,2.300000000000000000e+01
1.604215478897094727e+02,1.000000000000000000e+02,1.000000000000000000e+02,6.340999999999999659e+01,4.561999999999999744e+01,2.300000000000000000e+01,2.300000000000000000e+01
1.614117698669433594e+02,1.000000000000000000e+02,1.000000000000000000e+02,6.257000000000000028e+01,4.686999999999999744e+01,2.300000000000000000e+01,2.300000000000000000e+01
1.624019932746887207e+02,1.000000000000000000e+02,1.000000000000000000e+02,6.343999999999999773e+01,4.613000000000000256e+01,2.300000000000000000e+01,2.300000000000000000e+01
1.633924078941345215e+02,1.000000000000000000e+02,1.000000000000000000e+02,6.350000000000000000e+01,4.674000000000000199e+01,2.300000000000000000e+01,2.300000000000000000e+01
1.643826301097869873e+02,1.000000000000000000e+02,1.000000000000000000e+02,6.346999999999999886e+01,4.610000000000000142e+01,2.300000000000000000e+01,2.300000000000000000e+01
1.653728528022766113e+02,1.000000000000000000e+02,1.000000000000000000e+02,6.307999999999999829e+01,4.610000000000000142e+01,2.300000000000000000e+01,2.300000000000000000e+01
1.663630750179290771e+02,1.000000000000000000e+02,1.000000000000000000e+02,6.336999999999999744e+01,4.710000000000000142e+01,2.300000000000000000e+01,2.300000000000000000e+01
1.673533082008361816e+02,1.000000000000000000e+02,1.000000000000000000e+02,6.334000000000000341e+01,4.564999999999999858e+01,2.300000000000000000e+01,2.300000000000000000e+01
1.683435218334197998e+02,1.000000000000000000e+02,1.000000000000000000e+02,6.304999999999999716e+01,4.593999999999999773e+01,2.300000000000000000e+01,2.300000000000000000e+01
1.693337533473968506e+02,1.000000000000000000e+02,1.000000000000000000e+02,6.428000000000000114e+01,4.607000000000000028e+01,2.300000000000000000e+01,2.300000000000000000e+01
1.703239667415618896e+02,1.000000000000000000e+02,1.000000000000000000e+02,6.328000000000000114e+01,4.642000000000000171e+01,2.300000000000000000e+01,2.300000000000000000e+01
1.713141894340515137e+02,1.000000000000000000e+02,1.000000000000000000e+02,6.346999999999999886e+01,4.615999999999999659e+01,2.300000000000000000e+01,2.300000000000000000e+01
1.723044116497039795e+02,1.000000000000000000e+02,1.000000000000000000e+02,6.360000000000000142e+01,4.642000000000000171e+01,2.300000000000000000e+01,2.300000000000000000e+01
1.732946341037750244e+02,1.000000000000000000e+02,1.000000000000000000e+02,6.407999999999999829e+01,4.635999999999999943e+01,2.300000000000000000e+01,2.300000000000000000e+01
1.742850687503814697e+02,1.000000000000000000e+02,1.000000000000000000e+02,6.418000000000000682e+01,4.693999999999999773e+01,2.300000000000000000e+01,2.300000000000000000e+01
1.752752826213836670e+02,1.000000000000000000e+02,1.000000000000000000e+02,6.431000000000000227e+01,4.789999999999999858e+01,2.300000000000000000e+01,2.300000000000000000e+01
1.762655141353607178e+02,1.000000000000000000e+02,1.000000000000000000e+02,6.492000000000000171e+01,4.690999999999999659e+01,2.300000000000000000e+01,2.300000000000000000e+01
1.772557365894317627e+02,1.000000000000000000e+02,1.000000000000000000e+02,6.492000000000000171e+01,4.757999999999999829e+01,2.300000000000000000e+01,2.300000000000000000e+01
1.782469501495361328e+02,1.000000000000000000e+02,1.000000000000000000e+02,6.473000000000000398e+01,4.847999999999999687e+01,2.300000000000000000e+01,2.300000000000000000e+01
1.792371816635131836e+02,1.000000000000000000e+02,1.000000000000000000e+02,6.489000000000000057e+01,4.749000000000000199e+01,2.300000000000000000e+01,2.300000000000000000e+01
1.802274043560028076e+02,1.000000000000000000e+02,1.000000000000000000e+02,6.431000000000000227e+01,4.789999999999999858e+01,2.300000000000000000e+01,2.300000000000000000e+01
1.812176268100738525e+02,1.000000000000000000e+02,1.000000000000000000e+02,6.399000000000000199e+01,4.681000000000000227e+01,2.300000000000000000e+01,2.300000000000000000e+01
1.822078492641448975e+02,1.000000000000000000e+02,1.000000000000000000e+02,6.531000000000000227e+01,4.710000000000000142e+01,2.300000000000000000e+01,2.300000000000000000e+01
1.831980621814727783e+02,1.000000000000000000e+02,1.000000000000000000e+02,6.465999999999999659e+01,4.752000000000000313e+01,2.300000000000000000e+01,2.300000000000000000e+01
1.841882941722869873e+02,1.000000000000000000e+02,1.000000000000000000e+02,6.520999999999999375e+01,4.767999999999999972e+01,2.300000000000000000e+01,2.300000000000000000e+01
1.851785078048706055e+02,1.000000000000000000e+02,1.000000000000000000e+02,6.468999999999999773e+01,4.739000000000000057e+01,2.300000000000000000e+01,2.300000000000000000e+01
1.861687302589416504e+02,1.000000000000000000e+02,1.000000000000000000e+02,6.450000000000000000e+01,4.752000000000000313e+01,2.300000000000000000e+01,2.300000000000000000e+01
1.871589527130126953e+02,1.000000000000000000e+02,1.000000000000000000e+02,6.510999999999999943e+01,4.693999999999999773e+01,2.300000000000000000e+01,2.300000000000000000e+01
1.881491751670837402e+02,1.000000000000000000e+02,1.000000000000000000e+02,6.492000000000000171e+01,4.767999999999999972e+01,2.300000000000000000e+01,2.300000000000000000e+01
1.891393976211547852e+02,1.000000000000000000e+02,1.000000000000000000e+02,6.559999999999999432e+01,4.810000000000000142e+01,2.300000000000000000e+01,2.300000000000000000e+01
1.901296203136444092e+02,1.000000000000000000e+02,1.000000000000000000e+02,6.534000000000000341e+01,4.928999999999999915e+01,2.300000000000000000e+01,2.300000000000000000e+01
1.911198518276214600e+02,1.000000000000000000e+02,1.000000000000000000e+02,6.595000000000000284e+01,4.760999999999999943e+01,2.300000000000000000e+01,2.300000000000000000e+01
1.921106696128845215e+02,1.000000000000000000e+02,1.000000000000000000e+02,6.534000000000000341e+01,4.793999999999999773e+01,2.300000000000000000e+01,2.300000000000000000e+01
1.931008925437927246e+02,1.000000000000000000e+02,1.000000000000000000e+02,6.559999999999999432e+01,4.781000000000000227e+01,2.300000000000000000e+01,2.300000000000000000e+01
1.940911242961883545e+02,1.000000000000000000e+02,1.000000000000000000e+02,6.531000000000000227e+01,4.845000000000000284e+01,2.300000000000000000e+01,2.300000000000000000e+01
1.950813467502593994e+02,1.000000000000000000e+02,1.000000000000000000e+02,6.620999999999999375e+01,4.786999999999999744e+01,2.300000000000000000e+01,2.300000000000000000e+01
1.960715694427490234e+02,1.000000000000000000e+02,1.000000000000000000e+02,6.581999999999999318e+01,4.818999999999999773e+01,2.300000000000000000e+01,2.300000000000000000e+01
1.970617825984954834e+02,1.000000000000000000e+02,1.000000000000000000e+02,6.576000000000000512e+01,4.807000000000000028e+01,2.300000000000000000e+01,2.300000000000000000e+01
1.980520298480987549e+02,1.000000000000000000e+02,1.000000000000000000e+02,6.643000000000000682e+01,4.910000000000000142e+01,2.300000000000000000e+01,2.300000000000000000e+01
1.990422520637512207e+02,1.000000000000000000e+02,1.000000000000000000e+02,6.643000000000000682e+01,4.910000000000000142e+01,2.300000000000000000e+01,2.300000000000000000e+01
2.000324654579162598e+02,1.000000000000000000e+02,1.000000000000000000e+02,6.684999999999999432e+01,4.886999999999999744e+01,2.300000000000000000e+01,2.300000000000000000e+01
2.010226967334747314e+02,1.000000000000000000e+02,1.000000000000000000e+02,6.631000000000000227e+01,4.900000000000000000e+01,2.300000000000000000e+01,2.300000000000000000e+01
2.020139195919036865e+02,1.000000000000000000e+02,1.000000000000000000e+02,6.737000000000000455e+01,4.986999999999999744e+01,2.300000000000000000e+01,2.300000000000000000e+01
2.030041334629058838e+02,1.000000000000000000e+02,1.000000000000000000e+02,6.684999999999999432e+01,4.942000000000000171e+01,2.300000000000000000e+01,2.300000000000000000e+01
2.039943645000457764e+02,1.000000000000000000e+02,1.000000000000000000e+02,6.704999999999999716e+01,4.957999999999999829e+01,2.300000000000000000e+01,2.300000000000000000e+01
2.049846005439758301e+02,1.000000000000000000e+02,1.000000000000000000e+02,6.756000000000000227e+01,5.054999999999999716e+01,2.300000000000000000e+01,2.300000000000000000e+01
2.059748237133026123e+02,1.000000000000000000e+02,1.000000000000000000e+02,6.795000000000000284e+01,4.984000000000000341e+01,2.300000000000000000e+01,2.300000000000000000e+01
2.069650454521179199e+02,1.000000000000000000e+02,1.000000000000000000e+02,6.726999999999999602e+01,5.064000000000000057e+01,2.300000000000000000e+01,2.300000000000000000e+01
2.079552772045135498e+02,1.000000000000000000e+02,1.000000000000000000e+02,6.743000000000000682e+01,5.025999999999999801e+01,2.300000000000000000e+01,2.300000000000000000e+01
2.089454901218414307e+02,1.000000000000000000e+02,1.000000000000000000e+02,6.714000000000000057e+01,4.981000000000000227e+01,2.300000000000000000e+01,2.300000000000000000e+01
2.099357221126556396e+02,1.000000000000000000e+02,1.000000000000000000e+02,6.759000000000000341e+01,5.018999999999999773e+01,2.300000000000000000e+01,2.300000000000000000e+01
2.109259676933288574e+02,1.000000000000000000e+02,1.000000000000000000e+02,6.704999999999999716e+01,5.042000000000000171e+01,2.300000000000000000e+01,2.300000000000000000e+01
2.119161896705627441e+02,1.000000000000000000e+02,1.000000000000000000e+02,6.718000000000000682e+01,5.100000000000000000e+01,2.300000000000000000e+01,2.300000000000000000e+01
2.129064123630523682e+02,1.000000000000000000e+02,1.000000000000000000e+02,6.779000000000000625e+01,4.996999999999999886e+01,2.300000000000000000e+01,2.300000000000000000e+01
2.138966348171234131e+02,1.000000000000000000e+02,1.000000000000000000e+02,6.771999999999999886e+01,5.174000000000000199e+01,2.300000000000000000e+01,2.300000000000000000e+01
2.148868572711944580e+02,1.000000000000000000e+02,1.000000000000000000e+02,6.776000000000000512e+01,5.035000000000000142e+01,2.300000000000000000e+01,2.300000000000000000e+01
2.158770797252655029e+02,1.000000000000000000e+02,1.000000000000000000e+02,6.776000000000000512e+01,5.064000000000000057e+01,2.300000000000000000e+01,2.300000000000000000e+01
2.168673024177551270e+02,1.000000000000000000e+02,1.000000000000000000e+02,6.853000000000000114e+01,5.057999999999999829e+01,2.300000000000000000e+01,2.300000000000000000e+01
2.178575248718261719e+02,1.000000000000000000e+02,1.000000000000000000e+02,6.823999999999999488e+01,5.150999999999999801e+01,2.300000000000000000e+01,2.300000000000000000e+01
2.188477473258972168e+02,1.000000000000000000e+02,1.000000000000000000e+02,6.814000000000000057e+01,5.171000000000000085e+01,2.300000000000000000e+01,2.300000000000000000e+01
2.198379697799682617e+02,1.000000000000000000e+02,1.000000000000000000e+02,6.904000000000000625e+01,5.079999999999999716e+01,2.300000000000000000e+01,2.300000000000000000e+01
2.208281922340393066e+02,1.000000000000000000e+02,1.000000000000000000e+02,6.865999999999999659e+01,5.113000000000000256e+01,2.300000000000000000e+01,2.300000000000000000e+01
2.218185875415802002e+02,1.000000000000000000e+02,1.000000000000000000e+02,6.865999999999999659e+01,5.092999999999999972e+01,2.300000000000000000e+01,2.300000000000000000e+01
2.228088099956512451e+02,1.000000000000000000e+02,1.000000000000000000e+02,6.879000000000000625e+01,5.142000000000000171e+01,2.300000000000000000e+01,2.300000000000000000e+01
2.237990326881408691e+02,1.000000000000000000e+02,1.000000000000000000e+02,6.837000000000000455e+01,5.118999999999999773e+01,2.300000000000000000e+01,2.300000000000000000e+01
2.247892549037933350e+02,1.000000000000000000e+02,1.000000000000000000e+02,6.862999999999999545e+01,5.067999999999999972e+01,2.300000000000000000e+01,2.300000000000000000e+01
2.257794775962829590e+02,1.000000000000000000e+02,1.000000000000000000e+02,6.814000000000000057e+01,5.109000000000000341e+01,2.300000000000000000e+01,2.300000000000000000e+01
2.267696912288665771e+02,1.000000000000000000e+02,1.000000000000000000e+02,6.962000000000000455e+01,5.184000000000000341e+01,2.300000000000000000e+01,2.300000000000000000e+01
2.277599475383758545e+02,1.000000000000000000e+02,1.000000000000000000e+02,6.895000000000000284e+01,5.213000000000000256e+01,2.300000000000000000e+01,2.300000000000000000e+01
2.287501702308654785e+02,1.000000000000000000e+02,1.000000000000000000e+02,6.923999999999999488e+01,5.132000000000000028e+01,2.300000000000000000e+01,2.300000000000000000e+01
2.297403922080993652e+02,1.000000000000000000e+02,1.000000000000000000e+02,6.884999999999999432e+01,5.145000000000000284e+01,2.300000000000000000e+01,2.300000000000000000e+01
2.307312722206115723e+02,1.000000000000000000e+02,1.000000000000000000e+02,6.987999999999999545e+01,5.092999999999999972e+01,2.300000000000000000e+01,2.300000000000000000e+01
2.317214949131011963e+02,1.000000000000000000e+02,1.000000000000000000e+02,6.898000000000000398e+01,5.286999999999999744e+01,2.300000000000000000e+01,2.300000000000000000e+01
2.327117085456848145e+02,1.000000000000000000e+02,1.000000000000000000e+02,6.940000000000000568e+01,5.135000000000000142e+01,2.300000000000000000e+01,2.300000000000000000e+01
2.337019400596618652e+02,1.000000000000000000e+02,1.000000000000000000e+02,6.871999999999999886e+01,5.209000000000000341e+01,2.300000000000000000e+01,2.300000000000000000e+01
2.346921536922454834e+02,1.000000000000000000e+02,1.000000000000000000e+02,6.895000000000000284e+01,5.206000000000000227e+01,2.300000000000000000e+01,2.300000000000000000e+01
2.356823761463165283e+02,1.000000000000000000e+02,1.000000000000000000e+02,6.953000000000000114e+01,5.192999999999999972e+01,2.300000000000000000e+01,2.300000000000000000e+01
2.366726088523864746e+02,1.000000000000000000e+02,1.000000000000000000e+02,6.968999999999999773e+01,5.218999999999999773e+01,2.300000000000000000e+01,2.300000000000000000e+01
2.376628310680389404e+02,1.000000000000000000e+02,1.000000000000000000e+02,7.004000000000000625e+01,5.228999999999999915e+01,2.300000000000000000e+01,2.300000000000000000e+01
2.386530537605285645e+02,1.000000000000000000e+02,1.000000000000000000e+02,6.950000000000000000e+01,5.196000000000000085e+01,2.300000000000000000e+01,2.300000000000000000e+01
2.396432850360870361e+02,1.000000000000000000e+02,1.000000000000000000e+02,7.023999999999999488e+01,5.300000000000000000e+01,2.300000000000000000e+01,2.300000000000000000e+01
2.406335072517395020e+02,1.000000000000000000e+02,1.000000000000000000e+02,7.040000000000000568e+01,5.253999999999999915e+01,2.300000000000000000e+01,2.300000000000000000e+01
2.416237208843231201e+02,1.000000000000000000e+02,1.000000000000000000e+02,7.029999999999999716e+01,5.274000000000000199e+01,2.300000000000000000e+01,2.300000000000000000e+01
2.426139523983001709e+02,1.000000000000000000e+02,1.000000000000000000e+02,7.037000000000000455e+01,5.242000000000000171e+01,2.300000000000000000e+01,2.300000000000000000e+01
2.436041748523712158e+02,1.000000000000000000e+02,1.000000000000000000e+02,7.037000000000000455e+01,5.371000000000000085e+01,2.300000000000000000e+01,2.300000000000000000e+01
2.445943882465362549e+02,1.000000000000000000e+02,1.000000000000000000e+02,7.126999999999999602e+01,5.247999999999999687e+01,2.300000000000000000e+01,2.300000000000000000e+01
2.455846109390258789e+02,1.000000000000000000e+02,1.000000000000000000e+02,7.045999999999999375e+01,5.300000000000000000e+01,2.300000000000000000e+01,2.300000000000000000e+01
2.465748331546783447e+02,1.000000000000000000e+02,1.000000000000000000e+02,7.043000000000000682e+01,5.235000000000000142e+01,2.300000000000000000e+01,2.300000000000000000e+01
2.475650646686553955e+02,1.000000000000000000e+02,1.000000000000000000e+02,7.079000000000000625e+01,5.277000000000000313e+01,2.300000000000000000e+01,2.300000000000000000e+01
2.485552873611450195e+02,1.000000000000000000e+02,1.000000000000000000e+02,7.050000000000000000e+01,5.300000000000000000e+01,2.300000000000000000e+01,2.300000000000000000e+01
2.495455007553100586e+02,1.000000000000000000e+02,1.000000000000000000e+02,7.104000000000000625e+01,5.332000000000000028e+01,2.300000000000000000e+01,2.300000000000000000e+01
2.505357232093811035e+02,1.000000000000000000e+02,1.000000000000000000e+02,7.079000000000000625e+01,5.292999999999999972e+01,2.300000000000000000e+01,2.300000000000000000e+01
2.515259463787078857e+02,1.000000000000000000e+02,1.000000000000000000e+02,7.095000000000000284e+01,5.228999999999999915e+01,2.300000000000000000e+01,2.300000000000000000e+01
2.525161771774291992e+02,1.000000000000000000e+02,1.000000000000000000e+02,7.023999999999999488e+01,5.271000000000000085e+01,2.300000000000000000e+01,2.300000000000000000e+01
2.535063996315002441e+02,1.000000000000000000e+02,1.000000000000000000e+02,7.068999999999999773e+01,5.347999999999999687e+01,2.300000000000000000e+01,2.300000000000000000e+01
2.544966218471527100e+02,1.000000000000000000e+02,1.000000000000000000e+02,7.117000000000000171e+01,5.221999999999999886e+01,2.300000000000000000e+01,2.300000000000000000e+01
2.554868447780609131e+02,1.000000000000000000e+02,1.000000000000000000e+02,7.140000000000000568e+01,5.367000000000000171e+01,2.300000000000000000e+01,2.300000000000000000e+01
2.564780676364898682e+02,1.000000000000000000e+02,1.000000000000000000e+02,7.098000000000000398e+01,5.360999999999999943e+01,2.300000000000000000e+01,2.300000000000000000e+01
2.574682898521423340e+02,1.000000000000000000e+02,1.000000000000000000e+02,7.187999999999999545e+01,5.300000000000000000e+01,2.300000000000000000e+01,2.300000000000000000e+01
2.584585123062133789e+02,1.000000000000000000e+02,1.000000000000000000e+02,7.137000000000000455e+01,5.389999999999999858e+01,2.300000000000000000e+01,2.300000000000000000e+01
2.594487349987030029e+02,1.000000000000000000e+02,1.000000000000000000e+02,7.143000000000000682e+01,5.313000000000000256e+01,2.300000000000000000e+01,2.300000000000000000e+01
2.604391374588012695e+02,1.000000000000000000e+02,1.000000000000000000e+02,7.171999999999999886e+01,5.400000000000000000e+01,2.300000000000000000e+01,2.300000000000000000e+01
2.614293599128723145e+02,1.000000000000000000e+02,1.000000000000000000e+02,7.123999999999999488e+01,5.360999999999999943e+01,2.300000000000000000e+01,2.300000000000000000e+01
2.624195821285247803e+02,1.000000000000000000e+02,1.000000000000000000e+02,7.165999999999999659e+01,5.367000000000000171e+01,2.300000000000000000e+01,2.300000000000000000e+01
2.634098048210144043e+02,1.000000000000000000e+02,1.000000000000000000e+02,7.171999999999999886e+01,5.396000000000000085e+01,2.300000000000000000e+01,2.300000000000000000e+01
2.644000275135040283e+02,1.000000000000000000e+02,1.000000000000000000e+02,7.235999999999999943e+01,5.353999999999999915e+01,2.300000000000000000e+01,2.300000000000000000e+01
2.653902499675750732e+02,1.000000000000000000e+02,1.000000000000000000e+02,7.132999999999999829e+01,5.367000000000000171e+01,2.300000000000000000e+01,2.300000000000000000e+01
2.663804633617401123e+02,1.000000000000000000e+02,1.000000000000000000e+02,7.140000000000000568e+01,5.382999999999999829e+01,2.300000000000000000e+01,2.300000000000000000e+01
2.673706948757171631e+02,1.000000000000000000e+02,1.000000000000000000e+02,7.159000000000000341e+01,5.335000000000000142e+01,2.300000000000000000e+01,2.300000000000000000e+01
2.683609170913696289e+02,1.000000000000000000e+02,1.000000000000000000e+02,7.126999999999999602e+01,5.400000000000000000e+01,2.300000000000000000e+01,2.300000000000000000e+01
2.693511304855346680e+02,1.000000000000000000e+02,1.000000000000000000e+02,7.190999999999999659e+01,5.367000000000000171e+01,2.300000000000000000e+01,2.300000000000000000e+01
2.703413529396057129e+02,1.000000000000000000e+02,1.000000000000000000e+02,7.168999999999999773e+01,5.409000000000000341e+01,2.300000000000000000e+01,2.300000000000000000e+01
2.713315846920013428e+02,1.000000000000000000e+02,1.000000000000000000e+02,7.226999999999999602e+01,5.289999999999999858e+01,2.300000000000000000e+01,2.300000000000000000e+01
2.723217983245849609e+02,1.000000000000000000e+02,1.000000000000000000e+02,7.220000000000000284e+01,5.479999999999999716e+01,2.300000000000000000e+01,2.300000000000000000e+01
2.733120207786560059e+02,1.000000000000000000e+02,1.000000000000000000e+02,7.201000000000000512e+01,5.389999999999999858e+01,2.300000000000000000e+01,2.300000000000000000e+01
2.743022434711456299e+02,1.000000000000000000e+02,1.000000000000000000e+02,7.210999999999999943e+01,5.460999999999999943e+01,2.300000000000000000e+01,2.300000000000000000e+01
2.752924656867980957e+02,1.000000000000000000e+02,1.000000000000000000e+02,7.256000000000000227e+01,5.403000000000000114e+01,2.300000000000000000e+01,2.300000000000000000e+01
2.762826881408691406e+02,1.000000000000000000e+02,1.000000000000000000e+02,7.326999999999999602e+01,5.428999999999999915e+01,2.300000000000000000e+01,2.300000000000000000e+01
2.772729105949401855e+02,1.000000000000000000e+02,1.000000000000000000e+02,7.223999999999999488e+01,5.435000000000000142e+01,2.300000000000000000e+01,2.300000000000000000e+01
2.782631421089172363e+02,1.000000000000000000e+02,1.000000000000000000e+02,7.314000000000000057e+01,5.453999999999999915e+01,2.300000000000000000e+01,2.300000000000000000e+01
2.792533550262451172e+02,1.000000000000000000e+02,1.000000000000000000e+02,7.284999999999999432e+01,5.377000000000000313e+01,2.300000000000000000e+01,2.300000000000000000e+01
2.802435870170593262e+02,1.000000000000000000e+02,1.000000000000000000e+02,7.265000000000000568e+01,5.403000000000000114e+01,2.300000000000000000e+01,2.300000000000000000e+01
2.812343175411224365e+02,1.000000000000000000e+02,1.000000000000000000e+02,7.248999999999999488e+01,5.450999999999999801e+01,2.300000000000000000e+01,2.300000000000000000e+01
2.840939600467681885e+02,1.000000000000000000e+02,1.000000000000000000e+02,7.232999999999999829e+01,5.347999999999999687e+01,2.300000000000000000e+01,2.300000000000000000e+01
2.850841736793518066e+02,1.000000000000000000e+02,1.000000000000000000e+02,7.245999999999999375e+01,5.406000000000000227e+01,2.300000000000000000e+01,2.300000000000000000e+01
2.860743958950042725e+02,1.000000000000000000e+02,1.000000000000000000e+02,7.259000000000000341e+01,5.328999999999999915e+01,2.300000000000000000e+01,2.300000000000000000e+01
2.870652477741241455e+02,1.000000000000000000e+02,1.000000000000000000e+02,7.320000000000000284e+01,5.460999999999999943e+01,2.300000000000000000e+01,2.300000000000000000e+01
2.880554795265197754e+02,1.000000000000000000e+02,1.000000000000000000e+02,7.290999999999999659e+01,5.438000000000000256e+01,2.300000000000000000e+01,2.300000000000000000e+01
2.890456931591033936e+02,1.000000000000000000e+02,1.000000000000000000e+02,7.240000000000000568e+01,5.386999999999999744e+01,2.300000000000000000e+01,2.300000000000000000e+01
2.900359244346618652e+02,1.000000000000000000e+02,1.000000000000000000e+02,7.306999999999999318e+01,5.438000000000000256e+01,2.300000000000000000e+01,2.300000000000000000e+01
2.910261468887329102e+02,1.000000000000000000e+02,1.000000000000000000e+02,7.271999999999999886e+01,5.467000000000000171e+01,2.300000000000000000e+01,2.300000000000000000e+01
2.920163693428039551e+02,1.000000000000000000e+02,1.000000000000000000e+02,7.278000000000000114e+01,5.435000000000000142e+01,2.300000000000000000e+01,2.300000000000000000e+01
2.930065827369689941e+02,1.000000000000000000e+02,1.000000000000000000e+02,7.248999999999999488e+01,5.438000000000000256e+01,2.300000000000000000e+01,2.300000000000000000e+01
2.939968054294586182e+02,1.000000000000000000e+02,1.000000000000000000e+02,7.293999999999999773e+01,5.353999999999999915e+01,2.300000000000000000e+01,2.300000000000000000e+01
2.949870283603668213e+02,1.000000000000000000e+02,1.000000000000000000e+02,7.306999999999999318e+01,5.379999999999999716e+01,2.300000000000000000e+01,2.300000000000000000e+01
2.959772503376007080e+02,1.000000000000000000e+02,1.000000000000000000e+02,7.304000000000000625e+01,5.440999999999999659e+01,2.300000000000000000e+01,2.300000000000000000e+01
2.969674730300903320e+02,1.000000000000000000e+02,1.000000000000000000e+02,7.359000000000000341e+01,5.457999999999999829e+01,2.300000000000000000e+01,2.300000000000000000e+01
2.979576959609985352e+02,1.000000000000000000e+02,1.000000000000000000e+02,7.362000000000000455e+01,5.560999999999999943e+01,2.300000000000000000e+01,2.300000000000000000e+01
2.989479179382324219e+02,1.000000000000000000e+02,1.000000000000000000e+02,7.348999999999999488e+01,5.518999999999999773e+01,2.300000000000000000e+01,2.300000000000000000e+01
2.999380140304565430e+02,1.000000000000000000e+02,1.000000000000000000e+02,7.393999999999999773e+01,5.479999999999999716e+01,2.300000000000000000e+01,2.300000000000000000e+01
3.009282362461090088e+02,1.000000000000000000e+02,1.000000000000000000e+02,7.378000000000000114e+01,5.482999999999999829e+01,2.300000000000000000e+01,2.300000000000000000e+01
3.025846087932586670e+02,1.000000000000000000e+02,1.000000000000000000e+02,7.378000000000000114e+01,5.547999999999999687e+01,2.300000000000000000e+01,2.300000000000000000e+01
3.035748398303985596e+02,1.000000000000000000e+02,1.000000000000000000e+02,7.359000000000000341e+01,5.525000000000000000e+01,2.300000000000000000e+01,2.300000000000000000e+01
3.045650625228881836e+02,1.000000000000000000e+02,1.000000000000000000e+02,7.348999999999999488e+01,5.553999999999999915e+01,2.300000000000000000e+01,2.300000000000000000e+01
3.055552847385406494e+02,1.000000000000000000e+02,1.000000000000000000e+02,7.398000000000000398e+01,5.521999999999999886e+01,2.300000000000000000e+01,2.300000000000000000e+01
3.065454983711242676e+02,1.000000000000000000e+02,0.000000000000000000e+00,7.393999999999999773e+01,5.486999999999999744e+01,2.300000000000000000e+01,2.300000000000000000e+01
3.075357296466827393e+02,1.000000000000000000e+02,0.000000000000000000e+00,7.268999999999999773e+01,5.382999999999999829e+01,2.300000000000000000e+01,2.300000000000000000e+01
3.085259432792663574e+02,1.000000000000000000e+02,0.000000000000000000e+00,7.314000000000000057e+01,5.377000000000000313e+01,2.300000000000000000e+01,2.300000000000000000e+01
3.095161745548248291e+02,1.000000000000000000e+02,0.000000000000000000e+00,7.275000000000000000e+01,5.438000000000000256e+01,2.300000000000000000e+01,2.300000000000000000e+01
3.105063881874084473e+02,1.000000000000000000e+02,0.000000000000000000e+00,7.335999999999999943e+01,5.379999999999999716e+01,2.300000000000000000e+01,2.300000000000000000e+01
3.114966197013854980e+02,1.000000000000000000e+02,0.000000000000000000e+00,7.284999999999999432e+01,5.440999999999999659e+01,2.300000000000000000e+01,2.300000000000000000e+01
3.124868421554565430e+02,1.000000000000000000e+02,0.000000000000000000e+00,7.317000000000000171e+01,5.457999999999999829e+01,2.300000000000000000e+01,2.300000000000000000e+01
3.134770557880401611e+02,1.000000000000000000e+02,0.000000000000000000e+00,7.329999999999999716e+01,5.470000000000000284e+01,2.300000000000000000e+01,2.300000000000000000e+01
3.144672873020172119e+02,1.000000000000000000e+02,0.000000000000000000e+00,7.317000000000000171e+01,5.392999999999999972e+01,2.300000000000000000e+01,2.300000000000000000e+01
3.154575097560882568e+02,1.000000000000000000e+02,0.000000000000000000e+00,7.332999999999999829e+01,5.418999999999999773e+01,2.300000000000000000e+01,2.300000000000000000e+01
3.164477319717407227e+02,1.000000000000000000e+02,0.000000000000000000e+00,7.348999999999999488e+01,5.428999999999999915e+01,2.300000000000000000e+01,2.300000000000000000e+01
3.174379546642303467e+02,1.000000000000000000e+02,0.000000000000000000e+00,7.401000000000000512e+01,5.432000000000000028e+01,2.300000000000000000e+01,2.300000000000000000e+01
3.184281771183013916e+02,1.000000000000000000e+02,0.000000000000000000e+00,7.323000000000000398e+01,5.438000000000000256e+01,2.300000000000000000e+01,2.300000000000000000e+01
3.194183995723724365e+02,1.000000000000000000e+02,0.000000000000000000e+00,7.351999999999999602e+01,5.377000000000000313e+01,2.300000000000000000e+01,2.300000000000000000e+01
3.204086222648620605e+02,1.000000000000000000e+02,0.000000000000000000e+00,7.323000000000000398e+01,5.415999999999999659e+01,2.300000000000000000e+01,2.300000000000000000e+01
3.213988444805145264e+02,1.000000000000000000e+02,0.000000000000000000e+00,7.340000000000000568e+01,5.400000000000000000e+01,2.300000000000000000e+01,2.300000000000000000e+01
3.223890669345855713e+02,1.000000000000000000e+02,0.000000000000000000e+00,7.362000000000000455e+01,5.389999999999999858e+01,2.300000000000000000e+01,2.300000000000000000e+01
3.233792893886566162e+02,1.000000000000000000e+02,0.000000000000000000e+00,7.356000000000000227e+01,5.411999999999999744e+01,2.300000000000000000e+01,2.300000000000000000e+01
3.243695123195648193e+02,1.000000000000000000e+02,0.000000000000000000e+00,7.417000000000000171e+01,5.386999999999999744e+01,2.300000000000000000e+01,2.300000000000000000e+01
3.253597342967987061e+02,1.000000000000000000e+02,0.000000000000000000e+00,7.368999999999999773e+01,5.411999999999999744e+01,2.300000000000000000e+01,2.300000000000000000e+01
3.263499572277069092e+02,1.000000000000000000e+02,0.000000000000000000e+00,7.371999999999999886e+01,5.377000000000000313e+01,2.300000000000000000e+01,2.300000000000000000e+01
3.273401794433593750e+02,1.000000000000000000e+02,0.000000000000000000e+00,7.381000000000000227e+01,5.367000000000000171e+01,2.300000000000000000e+01,2.300000000000000000e+01
3.283304018974304199e+02,1.000000000000000000e+02,0.000000000000000000e+00,7.387999999999999545e+01,5.367000000000000171e+01,2.300000000000000000e+01,2.300000000000000000e+01
3.293206243515014648e+02,1.000000000000000000e+02,0.000000000000000000e+00,7.448999999999999488e+01,5.328999999999999915e+01,2.300000000000000000e+01,2.300000000000000000e+01
3.303108470439910889e+02,1.000000000000000000e+02,0.000000000000000000e+00,7.384999999999999432e+01,5.379999999999999716e+01,2.300000000000000000e+01,2.300000000000000000e+01
3.313010604381561279e+02,1.000000000000000000e+02,0.000000000000000000e+00,7.432999999999999829e+01,5.382999999999999829e+01,2.300000000000000000e+01,2.300000000000000000e+01
3.322912917137145996e+02,1.000000000000000000e+02,0.000000000000000000e+00,7.393999999999999773e+01,5.371000000000000085e+01,2.300000000000000000e+01,2.300000000000000000e+01
3.332815139293670654e+02,1.000000000000000000e+02,0.000000000000000000e+00,7.445999999999999375e+01,5.306000000000000227e+01,2.300000000000000000e+01,2.300000000000000000e+01
3.342717368602752686e+02,1.000000000000000000e+02,0.000000000000000000e+00,7.443000000000000682e+01,5.321999999999999886e+01,2.300000000000000000e+01,2.300000000000000000e+01
3.352619504928588867e+02,1.000000000000000000e+02,0.000000000000000000e+00,7.456000000000000227e+01,5.371000000000000085e+01,2.300000000000000000e+01,2.300000000000000000e+01
3.362521817684173584e+02,1.000000000000000000e+02,0.000000000000000000e+00,7.475000000000000000e+01,5.309000000000000341e+01,2.300000000000000000e+01,2.300000000000000000e+01
3.372424044609069824e+02,1.000000000000000000e+02,0.000000000000000000e+00,7.435999999999999943e+01,5.353999999999999915e+01,2.300000000000000000e+01,2.300000000000000000e+01
3.382326266765594482e+02,1.000000000000000000e+02,0.000000000000000000e+00,7.471999999999999886e+01,5.300000000000000000e+01,2.300000000000000000e+01,2.300000000000000000e+01
3.392228405475616455e+02,1.000000000000000000e+02,0.000000000000000000e+00,7.445999999999999375e+01,5.296000000000000085e+01,2.300000000000000000e+01,2.300000000000000000e+01
3.402130715847015381e+02,1.000000000000000000e+02,0.000000000000000000e+00,7.448999999999999488e+01,5.245000000000000284e+01,2.300000000000000000e+01,2.300000000000000000e+01
3.412032942771911621e+02,1.000000000000000000e+02,0.000000000000000000e+00,7.490999999999999659e+01,5.257999999999999829e+01,2.300000000000000000e+01,2.300000000000000000e+01
3.421935164928436279e+02,1.000000000000000000e+02,0.000000000000000000e+00,7.484999999999999432e+01,5.313000000000000256e+01,2.300000000000000000e+01,2.300000000000000000e+01
3.431837389469146729e+02,1.000000000000000000e+02,0.000000000000000000e+00,7.565000000000000568e+01,5.274000000000000199e+01,2.300000000000000000e+01,2.300000000000000000e+01
3.441739614009857178e+02,1.000000000000000000e+02,0.000000000000000000e+00,7.509999999999999432e+01,5.277000000000000313e+01,2.300000000000000000e+01,2.300000000000000000e+01
3.451642286777496338e+02,1.000000000000000000e+02,0.000000000000000000e+00,7.506999999999999318e+01,5.213000000000000256e+01,2.300000000000000000e+01,2.300000000000000000e+01
3.461544506549835205e+02,1.000000000000000000e+02,0.000000000000000000e+00,7.475000000000000000e+01,5.274000000000000199e+01,2.300000000000000000e+01,2.300000000000000000e+01
3.471446645259857178e+02,1.000000000000000000e+02,0.000000000000000000e+00,7.478000000000000114e+01,5.250999999999999801e+01,2.300000000000000000e+01,2.300000000000000000e+01
3.481348867416381836e+02,1.000000000000000000e+02,0.000000000000000000e+00,7.554999999999999716e+01,5.206000000000000227e+01,2.300000000000000000e+01,2.300000000000000000e+01
3.491251094341278076e+02,1.000000000000000000e+02,0.000000000000000000e+00,7.504000000000000625e+01,5.277000000000000313e+01,2.300000000000000000e+01,2.300000000000000000e+01
3.501153321266174316e+02,1.000000000000000000e+02,0.000000000000000000e+00,7.575000000000000000e+01,5.225000000000000000e+01,2.300000000000000000e+01,2.300000000000000000e+01
3.511055634021759033e+02,1.000000000000000000e+02,0.000000000000000000e+00,7.551999999999999602e+01,5.232000000000000028e+01,2.300000000000000000e+01,2.300000000000000000e+01
3.520957858562469482e+02,1.000000000000000000e+02,0.000000000000000000e+00,7.562000000000000455e+01,5.150999999999999801e+01,2.300000000000000000e+01,2.300000000000000000e+01
3.530859997272491455e+02,1.000000000000000000e+02,0.000000000000000000e+00,7.568000000000000682e+01,5.189999999999999858e+01,2.300000000000000000e+01,2.300000000000000000e+01
3.540762219429016113e+02,1.000000000000000000e+02,0.000000000000000000e+00,7.578000000000000114e+01,5.177000000000000313e+01,2.300000000000000000e+01,2.300000000000000000e+01
3.550664532184600830e+02,1.000000000000000000e+02,0.000000000000000000e+00,7.606999999999999318e+01,5.196000000000000085e+01,2.300000000000000000e+01,2.300000000000000000e+01
3.560566756725311279e+02,1.000000000000000000e+02,0.000000000000000000e+00,7.571999999999999886e+01,5.209000000000000341e+01,2.300000000000000000e+01,2.300000000000000000e+01
3.570475275516510010e+02,1.000000000000000000e+02,0.000000000000000000e+00,7.535999999999999943e+01,5.145000000000000284e+01,2.300000000000000000e+01,2.300000000000000000e+01
3.580377576351165771e+02,1.000000000000000000e+02,0.000000000000000000e+00,7.535999999999999943e+01,5.142000000000000171e+01,2.300000000000000000e+01,2.300000000000000000e+01
3.590279803276062012e+02,1.000000000000000000e+02,0.000000000000000000e+00,7.606999999999999318e+01,5.171000000000000085e+01,2.300000000000000000e+01,2.300000000000000000e+01
3.600182025432586670e+02,1.000000000000000000e+02,0.000000000000000000e+00,7.545999999999999375e+01,5.160999999999999943e+01,2.300000000000000000e+01,2.300000000000000000e+01
3.610084252357482910e+02,1.000000000000000000e+02,0.000000000000000000e+00,7.620000000000000284e+01,5.092999999999999972e+01,2.300000000000000000e+01,2.300000000000000000e+01
3.619986479282379150e+02,1.000000000000000000e+02,0.000000000000000000e+00,7.604000000000000625e+01,5.121999999999999886e+01,2.300000000000000000e+01,2.300000000000000000e+01
3.629888701438903809e+02,1.000000000000000000e+02,0.000000000000000000e+00,7.596999999999999886e+01,5.064000000000000057e+01,2.300000000000000000e+01,2.300000000000000000e+01
3.639790925979614258e+02,1.000000000000000000e+02,0.000000000000000000e+00,7.551999999999999602e+01,5.054999999999999716e+01,2.300000000000000000e+01,2.300000000000000000e+01
3.649693620204925537e+02,1.000000000000000000e+02,0.000000000000000000e+00,7.575000000000000000e+01,5.121999999999999886e+01,2.300000000000000000e+01,2.300000000000000000e+01
3.659595842361450195e+02,1.000000000000000000e+02,0.000000000000000000e+00,7.632999999999999829e+01,5.086999999999999744e+01,2.300000000000000000e+01,2.300000000000000000e+01
3.669498066902160645e+02,1.000000000000000000e+02,0.000000000000000000e+00,7.578000000000000114e+01,5.138000000000000256e+01,2.300000000000000000e+01,2.300000000000000000e+01
3.679400291442871094e+02,1.000000000000000000e+02,0.000000000000000000e+00,7.659000000000000341e+01,5.064000000000000057e+01,2.300000000000000000e+01,2.300000000000000000e+01
3.689302423000335693e+02,1.000000000000000000e+02,0.000000000000000000e+00,7.590999999999999659e+01,5.064000000000000057e+01,2.300000000000000000e+01,2.300000000000000000e+01
3.699204740524291992e+02,1.000000000000000000e+02,0.000000000000000000e+00,7.629999999999999716e+01,5.071000000000000085e+01,2.300000000000000000e+01,2.300000000000000000e+01
3.709106967449188232e+02,1.000000000000000000e+02,0.000000000000000000e+00,7.635999999999999943e+01,5.045000000000000284e+01,2.300000000000000000e+01,2.300000000000000000e+01
3.719009189605712891e+02,1.000000000000000000e+02,0.000000000000000000e+00,7.609999999999999432e+01,5.032000000000000028e+01,2.300000000000000000e+01,2.300000000000000000e+01
3.728911325931549072e+02,1.000000000000000000e+02,0.000000000000000000e+00,7.670999999999999375e+01,5.000000000000000000e+01,2.300000000000000000e+01,2.300000000000000000e+01
3.738813641071319580e+02,1.000000000000000000e+02,0.000000000000000000e+00,7.626000000000000512e+01,5.054999999999999716e+01,2.300000000000000000e+01,2.300000000000000000e+01
3.748715865612030029e+02,1.000000000000000000e+02,0.000000000000000000e+00,7.670999999999999375e+01,4.992999999999999972e+01,2.300000000000000000e+01,2.300000000000000000e+01
3.758618090152740479e+02,1.000000000000000000e+02,0.000000000000000000e+00,7.645999999999999375e+01,4.974000000000000199e+01,2.300000000000000000e+01,2.300000000000000000e+01
3.768520317077636719e+02,1.000000000000000000e+02,0.000000000000000000e+00,7.675000000000000000e+01,5.000000000000000000e+01,2.300000000000000000e+01,2.300000000000000000e+01
3.778422539234161377e+02,1.000000000000000000e+02,0.000000000000000000e+00,7.700000000000000000e+01,5.025999999999999801e+01,2.300000000000000000e+01,2.300000000000000000e+01
3.788324685096740723e+02,1.000000000000000000e+02,0.000000000000000000e+00,7.720000000000000284e+01,5.021999999999999886e+01,2.300000000000000000e+01,2.300000000000000000e+01
3.798226897716522217e+02,1.000000000000000000e+02,0.000000000000000000e+00,7.770999999999999375e+01,5.018999999999999773e+01,2.300000000000000000e+01,2.300000000000000000e+01
3.808129248619079590e+02,1.000000000000000000e+02,0.000000000000000000e+00,7.709999999999999432e+01,5.025999999999999801e+01,2.300000000000000000e+01,2.300000000000000000e+01
3.818031473159790039e+02,1.000000000000000000e+02,0.000000000000000000e+00,7.723000000000000398e+01,5.000000000000000000e+01,2.300000000000000000e+01,2.300000000000000000e+01
3.827933702468872070e+02,1.000000000000000000e+02,0.000000000000000000e+00,7.717000000000000171e+01,4.992999999999999972e+01,2.300000000000000000e+01,2.300000000000000000e+01
3.837835924625396729e+02,1.000000000000000000e+02,0.000000000000000000e+00,7.706999999999999318e+01,4.971000000000000085e+01,2.300000000000000000e+01,2.300000000000000000e+01
3.847738149166107178e+02,1.000000000000000000e+02,0.000000000000000000e+00,7.754999999999999716e+01,4.992999999999999972e+01,2.300000000000000000e+01,2.300000000000000000e+01
3.857640373706817627e+02,1.000000000000000000e+02,0.000000000000000000e+00,7.717000000000000171e+01,5.018999999999999773e+01,2.300000000000000000e+01,2.300000000000000000e+01
3.867542598247528076e+02,1.000000000000000000e+02,0.000000000000000000e+00,7.754999999999999716e+01,4.960999999999999943e+01,2.300000000000000000e+01,2.300000000000000000e+01
3.877444822788238525e+02,1.000000000000000000e+02,0.000000000000000000e+00,7.717000000000000171e+01,4.964000000000000057e+01,2.300000000000000000e+01,2.300000000000000000e+01
3.887346959114074707e+02,1.000000000000000000e+02,0.000000000000000000e+00,7.681000000000000227e+01,4.945000000000000284e+01,2.300000000000000000e+01,2.300000000000000000e+01
3.897249271869659424e+02,1.000000000000000000e+02,0.000000000000000000e+00,7.735999999999999943e+01,4.906000000000000227e+01,2.300000000000000000e+01,2.300000000000000000e+01
3.907151496410369873e+02,1.000000000000000000e+02,0.000000000000000000e+00,7.700000000000000000e+01,4.903000000000000114e+01,2.300000000000000000e+01,2.300000000000000000e+01
3.917053720951080322e+02,1.000000000000000000e+02,0.000000000000000000e+00,7.770999999999999375e+01,4.942000000000000171e+01,2.300000000000000000e+01,2.300000000000000000e+01
3.926955864429473877e+02,1.000000000000000000e+02,0.000000000000000000e+00,7.704000000000000625e+01,4.954999999999999716e+01,2.300000000000000000e+01,2.300000000000000000e+01
3.936858081817626953e+02,1.000000000000000000e+02,0.000000000000000000e+00,7.735999999999999943e+01,4.877000000000000313e+01,2.300000000000000000e+01,2.300000000000000000e+01
3.946760396957397461e+02,1.000000000000000000e+02,0.000000000000000000e+00,7.712999999999999545e+01,4.910000000000000142e+01,2.300000000000000000e+01,2.300000000000000000e+01
3.956662621498107910e+02,1.000000000000000000e+02,0.000000000000000000e+00,7.748999999999999488e+01,4.925999999999999801e+01,2.300000000000000000e+01,2.300000000000000000e+01
3.966564846038818359e+02,1.000000000000000000e+02,0.000000000000000000e+00,7.735999999999999943e+01,4.906000000000000227e+01,2.300000000000000000e+01,2.300000000000000000e+01
3.976467072963714600e+02,1.000000000000000000e+02,0.000000000000000000e+00,7.712999999999999545e+01,4.881000000000000227e+01,2.300000000000000000e+01,2.300000000000000000e+01
3.986369295120239258e+02,1.000000000000000000e+02,0.000000000000000000e+00,7.765000000000000568e+01,4.915999999999999659e+01,2.300000000000000000e+01,2.300000000000000000e+01
3.996276865005493164e+02,1.000000000000000000e+02,0.000000000000000000e+00,7.712999999999999545e+01,4.877000000000000313e+01,2.300000000000000000e+01,2.300000000000000000e+01
4.006179089546203613e+02,1.000000000000000000e+02,0.000000000000000000e+00,7.735999999999999943e+01,4.889999999999999858e+01,2.300000000000000000e+01,2.300000000000000000e+01
4.016081316471099854e+02,1.000000000000000000e+02,0.000000000000000000e+00,7.720000000000000284e+01,4.884000000000000341e+01,2.300000000000000000e+01,2.300000000000000000e+01
4.025983538627624512e+02,1.000000000000000000e+02,0.000000000000000000e+00,7.765000000000000568e+01,4.847999999999999687e+01,2.300000000000000000e+01,2.300000000000000000e+01
4.035885765552520752e+02,1.000000000000000000e+02,0.000000000000000000e+00,7.726000000000000512e+01,4.886999999999999744e+01,2.300000000000000000e+01,2.300000000000000000e+01
4.045787992477416992e+02,1.000000000000000000e+02,0.000000000000000000e+00,7.754999999999999716e+01,4.813000000000000256e+01,2.300000000000000000e+01,2.300000000000000000e+01
4.055690214633941650e+02,1.000000000000000000e+02,0.000000000000000000e+00,7.729000000000000625e+01,4.822999999999999687e+01,2.300000000000000000e+01,2.300000000000000000e+01
4.065592441558837891e+02,1.000000000000000000e+02,0.000000000000000000e+00,7.739000000000000057e+01,4.860999999999999943e+01,2.300000000000000000e+01,2.300000000000000000e+01
4.075494685173034668e+02,1.000000000000000000e+02,0.000000000000000000e+00,7.796999999999999886e+01,4.871000000000000085e+01,2.300000000000000000e+01,2.300000000000000000e+01
4.085396907329559326e+02,1.000000000000000000e+02,0.000000000000000000e+00,7.732999999999999829e+01,4.896999999999999886e+01,2.300000000000000000e+01,2.300000000000000000e+01
4.095299136638641357e+02,1.000000000000000000e+02,0.000000000000000000e+00,7.804000000000000625e+01,4.818999999999999773e+01,2.300000000000000000e+01,2.300000000000000000e+01
4.105206046104431152e+02,1.000000000000000000e+02,0.000000000000000000e+00,7.775000000000000000e+01,4.845000000000000284e+01,2.300000000000000000e+01,2.300000000000000000e+01
4.115108270645141602e+02,1.000000000000000000e+02,0.000000000000000000e+00,7.848999999999999488e+01,4.807000000000000028e+01,2.300000000000000000e+01,2.300000000000000000e+01
4.125010492801666260e+02,1.000000000000000000e+02,0.000000000000000000e+00,7.770999999999999375e+01,4.845000000000000284e+01,2.300000000000000000e+01,2.300000000000000000e+01
4.134912717342376709e+02,1.000000000000000000e+02,0.000000000000000000e+00,7.781000000000000227e+01,4.767999999999999972e+01,2.300000000000000000e+01,2.300000000000000000e+01
4.144814941883087158e+02,1.000000000000000000e+02,0.000000000000000000e+00,7.790999999999999659e+01,4.800000000000000000e+01,2.300000000000000000e+01,2.300000000000000000e+01
4.154717168807983398e+02,1.000000000000000000e+02,0.000000000000000000e+00,7.790999999999999659e+01,4.764999999999999858e+01,2.300000000000000000e+01,2.300000000000000000e+01
4.164619395732879639e+02,1.000000000000000000e+02,0.000000000000000000e+00,7.823000000000000398e+01,4.764999999999999858e+01,2.300000000000000000e+01,2.300000000000000000e+01
4.174521617889404297e+02,1.000000000000000000e+02,0.000000000000000000e+00,7.800000000000000000e+01,4.839000000000000057e+01,2.300000000000000000e+01,2.300000000000000000e+01
4.184423844814300537e+02,1.000000000000000000e+02,0.000000000000000000e+00,7.848999999999999488e+01,4.742000000000000171e+01,2.300000000000000000e+01,2.300000000000000000e+01
4.194326069355010986e+02,1.000000000000000000e+02,0.000000000000000000e+00,7.812999999999999545e+01,4.803000000000000114e+01,2.300000000000000000e+01,2.300000000000000000e+01
4.204228296279907227e+02,1.000000000000000000e+02,0.000000000000000000e+00,7.768000000000000682e+01,4.742000000000000171e+01,2.300000000000000000e+01,2.300000000000000000e+01
4.214130516052246094e+02,1.000000000000000000e+02,0.000000000000000000e+00,7.829000000000000625e+01,4.760999999999999943e+01,2.300000000000000000e+01,2.300000000000000000e+01
4.224032742977142334e+02,1.000000000000000000e+02,0.000000000000000000e+00,7.826000000000000512e+01,4.742000000000000171e+01,2.300000000000000000e+01,2.300000000000000000e+01
4.233934967517852783e+02,1.000000000000000000e+02,0.000000000000000000e+00,7.854999999999999716e+01,4.778000000000000114e+01,2.300000000000000000e+01,2.300000000000000000e+01
4.243837192058563232e+02,1.000000000000000000e+02,0.000000000000000000e+00,7.829000000000000625e+01,4.815999999999999659e+01,2.300000000000000000e+01,2.300000000000000000e+01
4.253739414215087891e+02,1.000000000000000000e+02,0.000000000000000000e+00,7.851999999999999602e+01,4.752000000000000313e+01,2.300000000000000000e+01,2.300000000000000000e+01
4.263641641139984131e+02,1.000000000000000000e+02,0.000000000000000000e+00,7.823000000000000398e+01,4.793999999999999773e+01,2.300000000000000000e+01,2.300000000000000000e+01
4.273543868064880371e+02,1.000000000000000000e+02,0.000000000000000000e+00,7.823000000000000398e+01,4.720000000000000284e+01,2.300000000000000000e+01,2.300000000000000000e+01
4.283446092605590820e+02,1.000000000000000000e+02,0.000000000000000000e+00,7.826000000000000512e+01,4.771000000000000085e+01,2.300000000000000000e+01,2.300000000000000000e+01
4.293348317146301270e+02,1.000000000000000000e+02,0.000000000000000000e+00,7.820000000000000284e+01,4.774000000000000199e+01,2.300000000000000000e+01,2.300000000000000000e+01
4.303250539302825928e+02,1.000000000000000000e+02,0.000000000000000000e+00,7.857999999999999829e+01,4.728999999999999915e+01,2.300000000000000000e+01,2.300000000000000000e+01
4.313152763843536377e+02,1.000000000000000000e+02,0.000000000000000000e+00,7.796999999999999886e+01,4.810000000000000142e+01,2.300000000000000000e+01,2.300000000000000000e+01
4.323054988384246826e+02,1.000000000000000000e+02,0.000000000000000000e+00,7.835999999999999943e+01,4.693999999999999773e+01,2.300000000000000000e+01,2.300000000000000000e+01
4.332957212924957275e+02,1.000000000000000000e+02,0.000000000000000000e+00,7.806999999999999318e+01,4.690999999999999659e+01,2.300000000000000000e+01,2.300000000000000000e+01
4.342859439849853516e+02,1.000000000000000000e+02,0.000000000000000000e+00,7.806999999999999318e+01,4.710000000000000142e+01,2.300000000000000000e+01,2.300000000000000000e+01
4.352761664390563965e+02,1.000000000000000000e+02,0.000000000000000000e+00,7.839000000000000057e+01,4.725999999999999801e+01,2.300000000000000000e+01,2.300000000000000000e+01
4.362663891315460205e+02,1.000000000000000000e+02,0.000000000000000000e+00,7.806999999999999318e+01,4.739000000000000057e+01,2.300000000000000000e+01,2.300000000000000000e+01
4.372566111087799072e+02,1.000000000000000000e+02,0.000000000000000000e+00,7.862000000000000455e+01,4.686999999999999744e+01,2.300000000000000000e+01,2.300000000000000000e+01
4.382468338012695312e+02,0.000000000000000000e+00,0.000000000000000000e+00,7.793999999999999773e+01,4.757999999999999829e+01,2.300000000000000000e+01,2.300000000000000000e+01
4.392370564937591553e+02,0.000000000000000000e+00,0.000000000000000000e+00,7.581000000000000227e+01,4.481000000000000227e+01,2.300000000000000000e+01,2.300000000000000000e+01
4.402272789478302002e+02,0.000000000000000000e+00,0.000000000000000000e+00,7.587999999999999545e+01,4.457999999999999829e+01,2.300000000000000000e+01,2.300000000000000000e+01
4.412175011634826660e+02,0.000000000000000000e+00,0.000000000000000000e+00,7.584000000000000341e+01,4.457999999999999829e+01,2.300000000000000000e+01,2.300000000000000000e+01
4.422077238559722900e+02,0.000000000000000000e+00,0.000000000000000000e+00,7.601000000000000512e+01,4.457999999999999829e+01,2.300000000000000000e+01,2.300000000000000000e+01
4.431979463100433350e+02,0.000000000000000000e+00,0.000000000000000000e+00,7.601000000000000512e+01,4.435999999999999943e+01,2.300000000000000000e+01,2.300000000000000000e+01
4.441881687641143799e+02,0.000000000000000000e+00,0.000000000000000000e+00,7.596999999999999886e+01,4.464999999999999858e+01,2.300000000000000000e+01,2.300000000000000000e+01
4.451783912181854248e+02,0.000000000000000000e+00,0.000000000000000000e+00,7.590999999999999659e+01,4.428999999999999915e+01,2.300000000000000000e+01,2.300000000000000000e+01
4.461686136722564697e+02,0.000000000000000000e+00,0.000000000000000000e+00,7.581000000000000227e+01,4.452000000000000313e+01,2.300000000000000000e+01,2.300000000000000000e+01
4.471588358879089355e+02,0.000000000000000000e+00,0.000000000000000000e+00,7.584000000000000341e+01,4.428999999999999915e+01,2.300000000000000000e+01,2.300000000000000000e+01
4.481490588188171387e+02,0.000000000000000000e+00,0.000000000000000000e+00,7.568000000000000682e+01,4.439000000000000057e+01,2.300000000000000000e+01,2.300000000000000000e+01
4.491392812728881836e+02,0.000000000000000000e+00,0.000000000000000000e+00,7.559000000000000341e+01,4.442000000000000171e+01,2.300000000000000000e+01,2.300000000000000000e+01
4.501295034885406494e+02,0.000000000000000000e+00,0.000000000000000000e+00,7.551999999999999602e+01,4.442000000000000171e+01,2.300000000000000000e+01,2.300000000000000000e+01
4.511197261810302734e+02,0.000000000000000000e+00,0.000000000000000000e+00,7.523000000000000398e+01,4.439000000000000057e+01,2.300000000000000000e+01,2.300000000000000000e+01
4.521099486351013184e+02,0.000000000000000000e+00,0.000000000000000000e+00,7.493999999999999773e+01,4.403999999999999915e+01,2.300000000000000000e+01,2.300000000000000000e+01
4.531001710891723633e+02,0.000000000000000000e+00,0.000000000000000000e+00,7.478000000000000114e+01,4.403999999999999915e+01,2.300000000000000000e+01,2.300000000000000000e+01
4.540903935432434082e+02,0.000000000000000000e+00,0.000000000000000000e+00,7.490999999999999659e+01,4.396999999999999886e+01,2.300000000000000000e+01,2.300000000000000000e+01
4.550806159973144531e+02,0.000000000000000000e+00,0.000000000000000000e+00,7.462000000000000455e+01,4.410000000000000142e+01,2.300000000000000000e+01,2.300000000000000000e+01
4.560708382129669189e+02,0.000000000000000000e+00,0.000000000000000000e+00,7.439000000000000057e+01,4.410000000000000142e+01,2.300000000000000000e+01,2.300000000000000000e+01
4.570610611438751221e+02,0.000000000000000000e+00,0.000000000000000000e+00,7.432999999999999829e+01,4.388000000000000256e+01,2.300000000000000000e+01,2.300000000000000000e+01
4.580512835979461670e+02,0.000000000000000000e+00,0.000000000000000000e+00,7.409999999999999432e+01,4.371000000000000085e+01,2.300000000000000000e+01,2.300000000000000000e+01
4.590415060520172119e+02,0.000000000000000000e+00,0.000000000000000000e+00,7.387999999999999545e+01,4.378000000000000114e+01,2.300000000000000000e+01,2.300000000000000000e+01
4.600317285060882568e+02,0.000000000000000000e+00,0.000000000000000000e+00,7.375000000000000000e+01,4.378000000000000114e+01,2.300000000000000000e+01,2.300000000000000000e+01
4.610219509601593018e+02,0.000000000000000000e+00,0.000000000000000000e+00,7.343000000000000682e+01,4.364999999999999858e+01,2.300000000000000000e+01,2.300000000000000000e+01
4.620121734142303467e+02,0.000000000000000000e+00,0.000000000000000000e+00,7.326999999999999602e+01,4.396999999999999886e+01,2.300000000000000000e+01,2.300000000000000000e+01
4.630023958683013916e+02,0.000000000000000000e+00,0.000000000000000000e+00,7.304000000000000625e+01,4.384000000000000341e+01,2.300000000000000000e+01,2.300000000000000000e+01
4.639926185607910156e+02,0.000000000000000000e+00,0.000000000000000000e+00,7.268999999999999773e+01,4.354999999999999716e+01,2.300000000000000000e+01,2.300000000000000000e+01
4.649828405380249023e+02,0.000000000000000000e+00,0.000000000000000000e+00,7.245999999999999375e+01,4.354999999999999716e+01,2.300000000000000000e+01,2.300000000000000000e+01
4.659730632305145264e+02,0.000000000000000000e+00,0.000000000000000000e+00,7.220000000000000284e+01,4.335999999999999943e+01,2.300000000000000000e+01,2.300000000000000000e+01
4.669632856845855713e+02,0.000000000000000000e+00,0.000000000000000000e+00,7.195000000000000284e+01,4.367999999999999972e+01,2.300000000000000000e+01,2.300000000000000000e+01
4.679534990787506104e+02,0.000000000000000000e+00,0.000000000000000000e+00,7.168999999999999773e+01,4.339000000000000057e+01,2.300000000000000000e+01,2.300000000000000000e+01
4.689437308311462402e+02,0.000000000000000000e+00,0.000000000000000000e+00,7.140000000000000568e+01,4.335999999999999943e+01,2.300000000000000000e+01,2.300000000000000000e+01
4.699339532852172852e+02,0.000000000000000000e+00,0.000000000000000000e+00,7.120000000000000284e+01,4.349000000000000199e+01,2.300000000000000000e+01,2.300000000000000000e+01
4.709241669178009033e+02,0.000000000000000000e+00,0.000000000000000000e+00,7.098000000000000398e+01,4.332999999999999829e+01,2.300000000000000000e+01,2.300000000000000000e+01
4.719144098758697510e+02,0.000000000000000000e+00,0.000000000000000000e+00,7.053000000000000114e+01,4.317000000000000171e+01,2.300000000000000000e+01,2.300000000000000000e+01
4.729046235084533691e+02,0.000000000000000000e+00,0.000000000000000000e+00,7.050000000000000000e+01,4.317000000000000171e+01,2.300000000000000000e+01,2.300000000000000000e+01
4.738948550224304199e+02,0.000000000000000000e+00,0.000000000000000000e+00,7.020999999999999375e+01,4.325999999999999801e+01,2.300000000000000000e+01,2.300000000000000000e+01
4.748850772380828857e+02,0.000000000000000000e+00,0.000000000000000000e+00,6.992000000000000171e+01,4.310000000000000142e+01,2.300000000000000000e+01,2.300000000000000000e+01
